1	6	2
0	4	3
7	5	8
7

1	0	6
7	4	2
5	8	3
13

7	1	0
5	6	2
8	3	4
18

7	1	2
5	0	3
8	4	6
12

2	0	5
7	4	3
1	8	6
15

1	2	3
7	5	6
0	8	4
10

1	3	6
4	2	0
7	5	8
5

0	1	3
4	2	6
7	5	8
4

5	3	0
2	1	7
4	8	6
14

0	5	3
2	1	7
4	8	6
12

4	1	2
7	6	3
5	0	8
9

2	4	3
1	0	5
7	8	6
6

4	1	3
7	2	6
0	5	8
6

4	1	3
0	2	6
7	5	8
5

6	2	7
3	1	0
5	4	8
21

4	5	1
7	2	0
8	6	3
13

4	1	2
7	5	3
8	0	6
7

2	3	0
1	5	6
4	7	8
6

4	1	3
2	0	6
7	5	8
6

1	0	3
5	2	6
4	7	8
5

2	3	6
1	4	8
7	5	0
8

3	1	7
6	2	5
0	4	8
26

0	8	4
5	1	2
7	6	3
16

6	5	2
4	1	3
0	7	8
14

1	2	3
4	0	5
7	8	6
2

1	2	3
4	8	5
0	7	6
4

6	7	2
3	8	0
1	5	4
21

1	2	0
7	6	3
5	4	8
8

4	1	2
7	5	3
8	0	6
7

1	2	3
4	8	5
7	6	0
4

1	2	3
0	4	6
7	5	8
3

1	2	3
7	4	6
0	5	8
4

4	0	6
2	3	1
7	5	8
11

5	6	2
4	3	0
1	7	8
19

1	3	5
4	2	0
7	8	6
5

1	0	5
4	3	2
7	8	6
7

6	4	2
1	0	3
7	5	8
10

1	2	0
4	6	3
7	5	8
4

8	7	4
6	3	1
2	5	0
24

8	7	4
0	3	1
6	2	5
21

