Puzzle 0
Step 1
	1	2	3
	4	-5	-8
	-7	0	-6

Step 2
	1	2	3
	4	-5	-6
	-7	0	-8

Step 3
	1	2	3
	4	-5	-6
	-7	-8	0


Puzzle 1
Step 1
	1	2	3
	-5	-7	0
	4	-8	-6

Step 2
	1	2	3
	-7	-5	0
	4	-8	-6

Step 3
	1	2	3
	-7	-5	-6
	4	-8	0

Step 4
	1	2	3
	4	-5	-6
	-7	-8	0


Puzzle 2
Step 1
	1	2	3
	4	0	-7
	-8	5	-6

Step 2
	1	2	3
	4	5	-7
	-8	0	-6

Step 3
	1	2	3
	4	5	-6
	-8	0	-7

Step 4
	1	2	3
	4	5	-6
	-8	-7	0

Step 5
	1	2	3
	4	5	-6
	-7	-8	0


Puzzle 3
Step 1
	2	-8	3
	1	5	-6
	4	0	-7

Step 2
	-8	2	3
	1	5	-6
	4	0	-7

Step 3
	1	2	3
	-8	5	-6
	4	0	-7

Step 4
	1	2	3
	4	5	-6
	-8	0	-7

Step 5
	1	2	3
	4	5	-6
	-8	-7	0

Step 6
	1	2	3
	4	5	-6
	-7	-8	0


Puzzle 4
Step 1
	0	2	3
	-7	5	6
	1	4	-8

Step 2
	0	2	3
	1	5	6
	-7	4	-8

Step 3
	1	2	3
	0	5	6
	-7	4	-8

Step 4
	1	2	3
	0	5	6
	4	-7	-8

Step 5
	1	2	3
	4	5	6
	0	-7	-8

Step 6
	1	2	3
	4	5	6
	-7	0	-8

Step 7
	1	2	3
	4	5	6
	-7	-8	0


Puzzle 5
Step 1
	1	0	3
	4	-7	2
	5	-8	6

Step 2
	1	0	3
	4	2	-7
	5	-8	6

Step 3
	1	0	3
	4	2	6
	5	-8	-7

Step 4
	1	2	3
	4	0	6
	5	-8	-7

Step 5
	1	2	3
	4	0	6
	5	-7	-8

Step 6
	1	2	3
	4	0	6
	-7	5	-8

Step 7
	1	2	3
	4	5	6
	-7	0	-8

Step 8
	1	2	3
	4	5	6
	-7	-8	0


Puzzle 6
Step 1
	1	5	3
	4	0	-7
	-8	2	6

Step 2
	1	0	3
	4	5	-7
	-8	2	6

Step 3
	1	0	3
	4	-7	5
	-8	2	6

Step 4
	1	0	3
	4	2	5
	-8	-7	6

Step 5
	1	2	3
	4	0	5
	-8	-7	6

Step 6
	1	2	3
	4	5	0
	-8	-7	6

Step 7
	1	2	3
	4	5	6
	-8	-7	0

Step 8
	1	2	3
	4	5	6
	-7	-8	0


Puzzle 7
Step 1
	1	0	3
	-8	5	2
	4	7	6

Step 2
	1	0	3
	4	5	2
	-8	7	6

Step 3
	1	0	3
	4	5	2
	7	-8	6

Step 4
	1	0	3
	4	-8	2
	7	5	6

Step 5
	1	0	3
	4	2	-8
	7	5	6

Step 6
	1	2	3
	4	0	-8
	7	5	6

Step 7
	1	2	3
	4	5	-8
	7	0	6

Step 8
	1	2	3
	4	5	6
	7	0	-8

Step 9
	1	2	3
	4	5	6
	7	-8	0


Puzzle 8
Step 1
	1	5	0
	-8	3	2
	4	7	6

Step 2
	1	5	0
	4	3	2
	-8	7	6

Step 3
	1	5	2
	4	3	0
	-8	7	6

Step 4
	1	5	2
	4	0	3
	-8	7	6

Step 5
	1	0	2
	4	5	3
	-8	7	6

Step 6
	1	2	0
	4	5	3
	-8	7	6

Step 7
	1	2	3
	4	5	0
	-8	7	6

Step 8
	1	2	3
	4	5	6
	-8	7	0

Step 9
	1	2	3
	4	5	6
	7	-8	0


Puzzle 9
Step 1
	1	3	6
	4	-8	5
	7	2	0

Step 2
	1	3	6
	4	-8	0
	7	2	5

Step 3
	1	3	0
	4	-8	6
	7	2	5

Step 4
	1	0	3
	4	-8	6
	7	2	5

Step 5
	1	-8	3
	4	0	6
	7	2	5

Step 6
	1	-8	3
	4	2	6
	7	0	5

Step 7
	1	2	3
	4	-8	6
	7	0	5

Step 8
	1	2	3
	4	-8	6
	7	5	0

Step 9
	1	2	3
	4	5	6
	7	-8	0


Puzzle 10
Step 1
	1	3	-8
	6	2	5
	7	4	0

Step 2
	1	-8	3
	6	2	5
	7	4	0

Step 3
	1	2	3
	6	-8	5
	7	4	0

Step 4
	1	2	3
	6	-8	0
	7	4	5

Step 5
	1	2	3
	-8	6	0
	7	4	5

Step 6
	1	2	3
	-8	0	6
	7	4	5

Step 7
	1	2	3
	-8	4	6
	7	0	5

Step 8
	1	2	3
	4	-8	6
	7	0	5

Step 9
	1	2	3
	4	-8	6
	7	5	0

Step 10
	1	2	3
	4	5	6
	7	-8	0


Puzzle 11
Step 1
	2	0	3
	1	7	5
	8	4	6

Step 2
	0	2	3
	1	7	5
	8	4	6

Step 3
	1	2	3
	0	7	5
	8	4	6

Step 4
	1	2	3
	7	0	5
	8	4	6

Step 5
	1	2	3
	7	4	5
	8	0	6

Step 6
	1	2	3
	7	4	5
	0	8	6

Step 7
	1	2	3
	0	4	5
	7	8	6

Step 8
	1	2	3
	4	0	5
	7	8	6

Step 9
	1	2	3
	4	5	0
	7	8	6

Step 10
	1	2	3
	4	5	6
	7	8	0


Puzzle 12
Step 1
	1	2	3
	7	4	8
	6	0	5

Step 2
	1	2	3
	7	4	8
	0	6	5

Step 3
	1	2	3
	0	4	8
	7	6	5

Step 4
	1	2	3
	4	0	8
	7	6	5

Step 5
	1	2	3
	4	8	0
	7	6	5

Step 6
	1	2	3
	4	8	5
	7	6	0

Step 7
	1	2	3
	4	8	5
	7	0	6

Step 8
	1	2	3
	4	0	5
	7	8	6

Step 9
	1	2	3
	4	5	0
	7	8	6

Step 10
	1	2	3
	4	5	6
	7	8	0


